1 14
1 14
1 14
1 14
2 9
1 14
2 9
1 14
2 9
1 14
2 9
1 14
2 9
3 8
1 14
2 9
3 8
1 14
2 9
3 8
1 14
2 9
3 8
1 14
2 9
3 8
1 14
2 9
3 8
4 7
1 14
2 9
3 8
4 7
1 14
2 9
3 8
4 7
1 14
2 9
3 8
4 7
1 14
2 9
3 8
4 7
1 14
2 9
3 8
4 7
1 14
2 9
3 8
4 7
5 7
1 14
2 9
3 8
4 7
5 7
1 14
2 9
3 8
4 7
5 7
1 14
2 9
3 8
4 7
5 7
1 14
2 9
3 8
4 7
5 7
1 14
2 9
3 8
4 7
5 7
1 14
2 9
3 8
4 7
5 7
1 14
2 9
3 8
4 7
5 7
6 7
1 14
2 9
3 8
4 7
5 7
6 7
1 14
2 9
3 8
4 7
5 7
6 7
1 14
2 9
3 8
4 7
5 7
6 7
1 14
2 9
3 8
4 7
5 7
6 7
1 14
2 9
3 8
4 7
5 7
6 7
1 14
2 9
3 8
4 7
5 7
6 7
1 14
2 9
3 8
4 7
5 7
6 7
1 14
2 9
3 8
4 7
5 7
6 7
7 6
1 14
2 9
3 8
4 7
5 7
6 7
7 6
1 14
2 9
3 8
4 7
5 7
6 7
7 6
1 14
2 9
3 8
4 7
5 7
6 7
7 6
1 14
2 9
3 8
4 7
5 7
6 7
7 6
1 14
2 9
3 8
4 7
5 7
6 7
7 6
1 14
2 9
3 8
4 7
5 7
6 7
7 6
1 14
2 9
3 8
4 7
5 7
6 7
7 6
1 14
2 9
3 8
4 7
5 7
6 7
7 6
1 14
2 9
3 8
4 7
5 7
6 7
7 6
8 7
1 14
2 9
3 8
4 7
5 7
6 7
7 6
8 7
1 14
2 9
3 8
4 7
5 7
6 7
7 6
8 7
1 14
2 9
3 8
4 7
5 7
6 7
7 6
8 7
1 14
2 9
3 8
4 7
5 7
6 7
7 6
8 7
1 14
2 9
3 8
4 7
5 7
6 7
7 6
8 7
1 14
2 9
3 8
4 7
5 7
6 7
7 6
8 7
1 14
2 9
3 8
4 7
5 7
6 7
7 6
8 7
1 14
2 9
3 8
4 7
5 7
6 7
7 6
8 7
1 14
2 9
3 8
4 7
5 7
6 7
7 6
8 7
1 14
2 9
3 8
4 7
5 7
6 7
7 6
8 7
9 6
